

home pose : [58.22222830002916, 13.903673833879662, 353.8423254565845] with orientation: [-3.0703747535887715, 0.04634899710713675, 1.9784314168821586]
bad bin : [-68.17941019875818, -59.93424198802867, 203.9316964584478, -3.141393439013021, 0.0862590073251056, 2.337676626102596]
good bin : [-71.31238637328596, 205.23628886932448, 182.67172001560166, 3.1166810068069766, 0.046045915752188596, 2.3560884945585485]
piece 1 : [103.4347909353319, -46.612754452692684, 123.26152567020931, 3.063481736896091, 0.0021620296213233957, 2.2468107067523215]
piece 2 : [238.19676902690534, -46.716707466969204, 122.90437910048297, 3.062956817223069, 0.000949390671302967, 2.249861612241834]
piece 3 : [238.1211344067134, 81.31602929877442, 122.92398993050051, 3.0635754601870926, 0.0025538333063636126, 2.251060364759835]
piece 4 : [223.06948503595794, 181.41253882952284, 123.94772833818112, 3.0710439043757263, 0.02015419320948181, 2.320428875894027]
piece 5 : [74.16991605613855, 181.88336003226243, 123.71904804245413, 3.0717878794007536, 0.09467620032351474, 2.3198001202860405]
piece 6 : [99.95380250641108, 62.452228254285586, 115.87726967740694, 3.114926464257121, -0.00276431961776479, 2.3236607365092152]
